14717
14718
14720
303
321
324
14723
68
69
14728
14729
14730
14731
14735
512
88
14738
90
91
64
66
67
75
36
14741
14742
109
14743
14744
14745
72
14747
14748
86
14749
14750
118
14752
14753
14754
129
115
1288
14756
14757
123
126
14758
14759
14760
142
14761
14762
14763
14764
14765
14766
14767
14768
14769
14770
160
14771
14772
14773
14774
14775
14776
14777
14778
14779
14780
14781
14782
14783
14784
14785
14786
14787
14788
14789
14790
14791
14792
14793
14794
14795
14796
14797
14798
14799
14800
14801
14802
191
220
14806
14808
14809
14810
14812
14813
14814
14816
14817
247
253
203
14819
205
14822
14823
14824
14825
14826
1543
14827
472
14828
14829
14831
14832
14833
223
14836
231
14837
241
312
14840
373
14841
274
275
14845
266
14846
14847
14848
14849
279
280
282
14850
283
14851
14852
14853
14854
14855
14856
14857
14859
14860
14861
439
14863
14864
14865
14866
14867
14868
14869
14870
14872
14873
14876
14877
475
14878
496
14881
14882
14884
292
14885
501
502
14888
346
348
350
14889
14891
14895
364
14896
14897
14900
14901
14902
14904
597
14905
14907
14908
14909
14910
374
384
14912
390
14914
351
554
555
556
14915
558
560
561
562
563
565
567
1196
14917
14918
14920
14921
409
14924
14926
574
14928
14935
578
14936
580
14937
14938
14939
14940
14941
14943
14944
586
14945
14946
587
14947
14948
14949
14950
14951
14952
14953
14954
2126
14955
601
603
14956
14957
2006
657
1002
658
661
14960
362
448
14962
738
14963
14964
667
14968
14970
672
461
14972
14977
14978
494
692
695
14979
699
513
735
213
725
533
534
14984
733
14985
552
14986
427
594
14992
1371
14994
14995
289
14998
768
769
770
165
15000
15001
15002
774
776
15003
178
779
15004
15005
15008
15009
15010
15011
790
805
793
15013
1108
15014
15015
809
15018
697
15019
15020
15021
445
15026
427
870
15027
427
874
875
15028
876
15029
709
15036
15039
716
914
15040
724
15043
15044
730
15045
739
740
15058
607
15059
741
742
979
980
981
15060
739
740
15058
607
15059
741
742
979
980
981
15060
15072
843
15073
114
15074
845
846
15075
15076
15077
1111
1041
1087
337
1088
15081
883
15082
15083
353
15084
900
901
15085
15086
15087
15088
427
15092
313
1102
1103
633
15097
913
15099
15101
15102
1112
927
15104
15105
427
966
967
15107
15108
15109
1125
15110
15111
15112
1155
15113
15114
1152
427
15115
15116
15117
15118
15119
15120
1243
15121
15122
15123
15124
15126
15127
15128
15129
15130
15132
15133
974
1176
15134
1000
15136
15137
15138
15139
1179
15140
1150
15141
1213
1184
15142
1186
15144
817
1188
820
542
15147
1191
1248
15881
15883
15884
15886
1521
427
427
1593
15902
1589
15903
1632
1635
15907
1680
15911
1687
1695
1741
15916
15917
15918
1788
1789
1794
15922
15937
15938
15940
15941
15956
15962
1882
1997
1998
2038
2086
15999
16002
16003
16004
16008
16011
16012
2038
2086
15999
16004
16011
16012
2159
16021
16045
16046
2231
16049
16057
16058
16059
16060
16063
2263
2268
16064
2271
2279
16065
2278
16072
16073
16075
16076
16085
2315
16207
16138
16095
16111
16133
16120
3
16223
16164
14778
16091
16166
472
3
16228
16094
16094
16129
16136
16136
16111
16120
16133
16120
16238
16132
16132
16111
16140
16141
16244
16246
16163
16200
16163
14778
16091
16178
3
16162
16095
16128
16129
16163
16178
16108
16258
16259
3
16108
16120
16120
16273
14778
16275
3
14778
3
16176
16158
1518
1530
1591
16039
16174
3
15547
2178
2180
15551
15553
2206
1352
2243
15565
2255
15576
15579
15580
15582
15588
15601
2170
15604
15607
15611
15619
15621
15626
33
15644
15684
278
1360
15727
623
15741
15750
15752
15762
15792
1018
1074
15815
1151
15825
1190
15845
1244
1300
1316
15852
1357
1476
1473
1479
1029
15150
1007
835
96
15153
15154
15155
15156
15157
15162
1208
15163
15164
15165
16166
1210
15167
15168
15169
1211
1212
1213
1215
15171
1216
15172
15174
15184
15185
15186
1238
107
15187
15188
1258
1263
1264
15190
15192
15194
15195
15196
120
15199
1277
1278
15200
12792
1280
1281
1282
15201
1283
15202
1286
1287
15204
1289
1290
179
15206
180
181
1291
1292
1293
15208
194
198
199
15209
15210
15211
15212
15213
15214
15215
15216
15217
15218
15219
15222
15224
15225
15227
15228
15229
15230
15232
1025
234
15233
15234
367
15236
15237
249
1342
15238
251
252
1412
15241
1346
1348
1369
15244
15245
15246
15247
1374
1375
1373
1384
15249
427
1386
15250
1387
15253
15254
15256
15257
1397
15259
1393
15261
15264
427
15265
15266
15268
1403
2332
15269
1405
15270
271
272
15272
15273
1406
1407
15274
276
15275
15276
284
15278
15279
15280
288
15281
15282
15283
1422
1351
15284
937
15285
1423
196
1555
15286
200
15287
309
536
1353
1056
319
315
1057
1430
15289
326
327
427
352
1433
1434
357
1436
15290
1437
1440
1441
15291
1442
1443
15292
366
15293
15294
378
15295
380
1382
15296
1469
15297
15299
15300
15302
15303
15304
449
450
15305
1359
15306
15307
1501
15309
520
1911
487
489
15310
15311
1532
497
15312
1545
15313
503
345
504
15314
15315
15316
15317
1560
1561
15318
1562
15319
15321
261
15322
418
15323
1567
522
15324
15325
15326
524
15327
15328
531
532
15329
15330
15331
15332
15333
15334
15335
1367
427
546
608
15336
15337
1609
1611
1613
459
427
15338
15339
15340
15341
15342
609
1617
833
610
611
1618
624
830
832
1619
15343
15344
15345
15346
15347
15348
15349
15350
15351
15352
643
15353
15354
654
656
15355
15356
15357
15358
15359
1644
15360
1646
15361
15362
15363
1648
1649
1651
1652
15364
1653
1654
1655
1135
15365
15366
1660
1661
15367
427
15368
15369
690
691
694
15370
15371
15372
717
718
720
722
15373
15374
1672
15375
15376
15378
15379
15380
15381
16731674
15382
15383
2285
787
15384
15385
1701
15386
1705
15391
818
15392
15393
15395
15396
15397
15398
15399
2075
15401
15402
15404
15405
15406
15407
15408
15409
15410
1739
826
828
15411
1746
1747
1749
15412
1751
15413
1752
1753
1754
15414
15415
15416
1757
15417
1758
15418
15419
1759
15420
1760
1761
15421
1762
15422
15423
15424
15425
1766
1768
1769
1770
1771
15427
1773
1776
15428
1777
1778
1779
1780
1781
1792
863
885
886
427
15430
1814
1817
890
893
15431
15433
1821
15434
928
930
931
934
935
936
938
939
940
941
15443
15445
15446
15447
15448
15449
15450
15451
1905
15452
15454
15455
15457
1913
15458
15459
1914
1915
1027
1028
15461
15464
427
1033
1040
1042
15469
15470
15471
1957
15472
1958
15473
1963
15474
1790
15475
1964
15476
1965
15478
945
15479
1976
1982
15480
15482
427
1533
2163
15484
1535
2016
1534
15485
2014
15486
15488
15489
15491
15493
15494
15496
2032
15497
15498
15499
2037
15500
15501
2049
15502
15503
15504
15505
15506
15507
15508
15509
15510
1455
15512
2092
15514
2093
15515
15516
15517
15518
2094
15519
2098
15521
15522
265
1213
2101
2102
2106
15524
15528
2112
1787
15531
2114
2115
15532
15533
15534
2120
1060
1068
1854
15537
1850
15543
1573
1819
427
15546
2133
2136
2137
855